From zsh-workers-request@math.gatech.edu Thu Jan 08 00:23:38 1998
Return-Path: <zsh-workers-request@math.gatech.edu>
Delivered-To: mason@primenet.com.au
Received: (qmail 24720 invoked from network); 8 Jan 1998 00:23:35 -0000
Received: from math.gatech.edu (list@130.207.146.50)
  by ns1.primenet.com.au with SMTP; 8 Jan 1998 00:23:35 -0000
Received: (from list@localhost)
	by math.gatech.edu (8.8.5/8.8.5) id TAA26123;
	Wed, 7 Jan 1998 19:06:06 -0500 (EST)
Resent-Date: Wed, 7 Jan 1998 19:06:06 -0500 (EST)
Message-Id: <199801080007.TAA06145@luomat.peak.org>
Content-Type: text/plain
MIME-Version: 1.0 (NeXT Mail 4.1mach v148)
X-Image-URL: http://www.peak.org/~luomat/next/luomat@peak.org.tiff
In-Reply-To: <19980107152805.31771@fnord.guru.execpc.com>
X-Nextstep-Mailer: Mail 4.1mach (Enhance 2.1)
From: Timothy J Luoma <luomat+zsh+workers@luomat.peak.org>
Date: Wed,  7 Jan 98 19:07:22 -0500
To: zsh-workers@math.gatech.edu
Subject: Re: where, oh where, has our maintainer gone?
References: <199801061007.KAA14445@taos.demon.co.uk>
	<199801072111.QAA03216@luomat.peak.org>
	<19980107152805.31771@fnord.guru.execpc.com>
X-Image-URL-Disclaimer: hey, it's off my student ID, gimme a break ;-)
Resent-Message-ID: <"5nyMK1.0.6O6.kX1jq"@math>
Resent-From: zsh-workers@math.gatech.edu
X-Mailing-List: <zsh-workers@math.gatech.edu> archive/latest/3675
X-Loop: zsh-workers@math.gatech.edu
Precedence: list
Resent-Sender: zsh-workers-request@math.gatech.edu

	Author:        Aaron Schrab <aaron+zsh@schrab.com>
	Original-Date: Wed, 7 Jan 1998 15:28:05 -0600
	Message-ID:    <19980107152805.31771@fnord.guru.execpc.com>

> Yes they are, in the X-Mailing-List header as quoted above.

Yup... you're right... duh duh.

Then here's a list of what I have....

2714 2715 2716 2717 2718 2719 2720 2721 2722 2723 2724 2725 2726 2727 2728  
2729 2730 2731 2732 2733 2734 2735 2736 2737 2738 2739 2740 2741 2742 2743  
2744 2745 2746 2747 2748 2749 2750 2751 2752 2753 2754 2755 2756 2757 2758  
2759 2760 2761 2762 2763 2764 2765 2766 2767 2768 2769 2770 2771 2773 2774  
2776 2777 2778 2779 2780 2781 2782 2783 2784 2785 2786 2788 2789 2790 2791  
2792 2793 2794 2795 2796 2797 2798 2799 2800 2801 2802 2803 2804 2805 2806  
2807 2808 2809 2810 2811 2812 2813 2814 2815 2816 2817 2818 2819 2820 2821  
2822 2823 2824 2825 2826 2827 2828 2829 2830 2831 2832 2833 2834 2835 2836  
2840 2841 2842 2843 2844 2845 2846 2848 2849 2850 2851 2852 2853 2854 2855  
2856 2857 2858 2859 2860 2861 2862 2863 2864 2865 2866 2867 2868 2869 2870  
2871 2872 2873 2874 2875 2876 2877 2878 2879 2880 2881 2882 2883 2884 2885  
2886 2887 2888 2889 2890 2891 2892 2893 2894 2895 2896 2897 2898 2899 2900  
2901 2902 2903 2904 2905 2906 2907 2908 2909 2910 2911 2912 2913 2914 2915  
2916 2917 2918 2919 2920 2921 2922 2923 2924 2925 2926 2927 2928 2929 2930  
2931 2932 2933 2934 2935 2936 2937 2938 2939 2941 2942 2943 2944 2945 2946  
2947 2948 2949 2950 2951 2952 2953 2954 2955 2956 2957 2958 2959 2960 2961  
2962 2963 2964 2965 2966 2967 2968 2969 2970 2971 2972 2973 2974 2975 2976  
2977 2978 2979 2980 2981 2982 2983 2984 2985 2986 2987 2988 2989 2990 2991  
2992 2993 2994 2995 2996 2997 2998 2999 3000 3001 3002 3003 3004 3005 3006  
3007 3008 3009 3010 3011 3012 3013 3014 3015 3016 3017 3018 3019 3020 3021  
3022 3023 3024 3025 3026 3027 3028 3029 3030 3031 3032 3033 3034 3035 3036  
3037 3038 3039 3040 3041 3042 3043 3044 3045 3046 3047 3048 3049 3050 3051  
3052 3053 3054 3055 3056 3057 3058 3059 3060 3061 3062 3063 3064 3065 3066  
3067 3068 3069 3070 3071 3072 3073 3074 3075 3076 3077 3078 3079 3080 3081  
3082 3083 3084 3085 3086 3087 3088 3089 3090 3091 3092 3093 3094 3095 3096  
3097 3098 3099 3100 3101 3102 3103 3104 3105 3106 3107 3108 3109 3110 3111  
3112 3113 3114 3115 3116 3117 3118 3119 3120 3121 3122 3123 3124 3125 3126  
3127 3128 3129 3130 3131 3132 3133 3134 3135 3136 3137 3138 3139 3140 3141  
3142 3143 3144 3145 3146 3147 3148 3149 3150 3151 3152 3153 3154 3155 3156  
3157 3158 3159 3160 3161 3162 3163 3164 3165 3166 3167 3168 3169 3170 3171  
3172 3173 3174 3175 3176 3177 3178 3179 3180 3181 3182 3183 3184 3185 3186  
3187 3188 3189 3190 3191 3192 3193 3194 3195 3196 3197 3198 3199 3200 3201  
3202 3203 3204 3205 3206 3207 3208 3209 3210 3211 3212 3213 3214 3215 3216  
3217 3218 3219 3220 3221 3222 3223 3224 3225 3226 3227 3230 3231 3232 3233  
3234 3235 3236 3237 3238 3239 3240 3241 3242 3243 3244 3245 3246 3247 3248  
3249 3250 3251 3253 3254 3255 3256 3257 3258 3259 3260 3261 3262 3263 3264  
3265 3268 3269 3270 3271 3272 3273 3275 3277 3279 3280 3281 3282 3283 3357  
3358 3359 3360 3423 3424 3425 3426 3427 3428 3429 3430 3431 3432 3433 3434  
3435 3436 3437 3438 3440 3442 3443 3444 3445 3446 3447 3448 3449 3450 3451  
3452 3453 3454 3455 3456 3457 3458 3459 3460 3461 3462 3463 3464 3465 3466  
3467 3468 3469 3470 3471 3472 3473 3474 3475 3476 3477 3478 3479 3480 3481  
3482 3483 3484 3486 3487 3488 3489 3490 3491 3492 3493 3494 3495 3496 3497  
3498 3499 3500 3501 3502 3503 3504 3505 3506 3507 3508 3509 3510 3511 3512  
3513 3514 3515 3516 3517 3518 3519 3520 3521 3522 3523 3524 3525 3526 3527  
3528 3529 3530 3531 3532 3533 3534 3535 3536 3537 3538 3539 3540 3541 3542  
3543 3544 3545 3546 3547 3548 3549 3550 3551 3552 3553 3554 3555 3556 3557  
3558 3559 3560 3561 3562 3563 3564 3565 3566 3567 3568 3569 3570 3571 3572  
3573 3574 3575 3576 3577 3579 3580 3581 3582 3583 3584 3585 3586 3587 3588  
3589 3590 3591 3592 3593 3594 3595 3596 3597 3598 3599 3600 3601 3602 3603  
3607 3608 3609 3610 3611 3612 3613 3614 3615 3616 3617 3618 3619 3620 3622  
3623 3624 3625 3627 3628 3629 3630 3631 3632 3634 3635 3636 3637 3638 3639  
3640 3641 3642 3643 3644 3645 3646 3647 3648 3650 3651 3652 3653 3654 3655  
3656 3657 3658 3659 3660 3661 3662 3663 3664 3665 3666 3667 3668 3669 3670  
3671 3672 3673 3674

Gotta love 'grep' :-)

TjL



